 &plot nbnd=   8, nks=    19 /
            0.000000  0.000000  0.000000
  -18.905   -6.659   -2.024   -2.024    3.490    7.042    9.066    9.550
            0.000000  0.096225  0.000000
  -18.738   -6.485   -2.764   -2.378    3.715    7.249    9.243    9.570
            0.000000  0.192450  0.000000
  -18.239   -5.899   -4.395   -3.223    4.390    7.886    9.318    9.984
            0.000000  0.288675  0.000000
  -17.415   -6.537   -4.940   -4.122    5.513    8.320    9.000    9.067
            0.000000  0.384900  0.000000
  -16.283   -8.780   -4.869   -3.660    6.011    7.080    8.563   10.457
            0.000000  0.481125  0.000000
  -14.867  -10.953   -5.326   -2.182    3.834    8.265    9.098   12.277
            0.000000 -0.577350  0.000000
  -13.610  -12.455   -5.477   -1.317    2.729    8.166   11.471   11.577
            0.083333  0.144338  0.000000
  -18.404   -6.109   -3.770   -3.116    4.165    7.671    9.604    9.955
            0.083333  0.240563  0.000000
  -17.748   -5.536   -5.337   -4.116    5.064    8.499    9.299    9.818
            0.083333  0.336788  0.000000
  -16.769   -7.625   -4.990   -4.198    6.410    7.115    9.512    9.797
            0.083333  0.433013  0.000000
  -15.490   -9.822   -5.644   -2.797    4.810    8.195    9.155   11.400
            0.083333  0.529238  0.000000
  -13.995  -11.809   -5.976   -1.433    3.000    8.953   10.421   13.021
            0.166667  0.288675  0.000000
  -16.929   -6.888   -5.518   -4.384    6.186    7.549    9.534   11.031
            0.166667  0.384900  0.000000
  -15.807   -8.662   -6.559   -3.105    5.555    7.752   10.869   11.237
            0.166667  0.481125  0.000000
  -14.413  -10.617   -7.163   -1.655    3.567    9.749   10.970   12.230
            0.166667  0.577350  0.000000
  -13.178  -12.053   -7.348   -0.736    2.482   10.860   12.080   12.212
            0.250000  0.433013  0.000000
  -14.556   -9.749   -8.056   -1.748    3.898    9.528   11.811   13.323
            0.250000  0.529238  0.000000
  -13.120  -11.194   -8.781   -0.339    2.344   11.696   11.924   13.244
            0.333333  0.577350  0.000000
  -11.872  -11.872   -9.616    1.054    1.054   11.540   13.647   13.647
